0000988487
0001940630
0002629923
0002718634
0003591426
0003987256
0005017744
0005549328
0005725698
0006420741
0006775494
0009001003
0010520802
0010782585
0011112419
0014678904
0014911465
0015625573
0015973002
0016370729
0019752717
0020572414
0021173014
0021222880
0021286108
0021295774
0025320187
0026582084
0027271162
0027273937
0027354416
0030655180
0030869404
0031530934
0032314372
0032441388
0035177483
0036090996
0039469123
0040951286
0041250481
0042192463
0042294726
0043297563
0045277753
0046306617
0048224404
0048976065
0050274196
0050334996
0050833296
0051052852
0054262764
0054478992
0056546202
0056723713
0056999544
0057146170
0058700644
0058904484
0059815591
0060208704
0063493558
0064062215
0064364678
0064367694
0066735195
0069265392
0070802577
0070923397
0071283700
0071980177
0076848000
0077595534
0080427542
0080943445
0081683339
0083465463
0083914211
0084392085
0085051374
0085790446
0088999595
0092282188
0094971513
0096609123
0096887877
0098434426
0104584424
0105353163
0105941187
0105994568
0106286080
0106898995
0114099999
0114954417
0116262722
0116452424
0121626836
0123780742
0126123531
0128949961
0129479649
0129980725
0130169130
0130912101
0132916687
0133157578
0134042344
0134726566
0136544602
0137058297
0138278516
0140052982
0140727748
0141905231
0142044449
0142603518
0142732594
0144198568
0144225244
0144494152
0144793459
0147779310
0148588655
0150956243
0151838467
0153226765
0155027525
0155307599
0155513641
0155940701
0155982099
0158077255
0159138527
0162393903
0164097862
0165305517
0167588092
0169812098
0171115921
0171639820
0173827884
0174571503
0174791345
0175953830
0181476106
0187606310
0188573476
0189056038
0190064865
0190367373
0191160248
0191609605
0197396355
0197417903
0198559976
0200864985
0201064596
0202651398
0203066711
0203406379
0208269258
0209076239
0209207080
0210140140
0211424833
0212441625
0217167669
0217847142
0220087753
0223378687
0224452998
0225101595
0226160084
0227050752
0227688919
0228691011
0229018261
0229159717
0229631792
0230269413
0231118713
0231148235
0231254835
0231270104
0232587214
0233377676
0234500236
0234898586
0235637203
0236970513
0237479493
0238534779
0239164276
0239390463
0240846955
0241911717
0241975033
0246419228
0248339089
0253076213
0255584391
0257649432
0257657829
0258853883
0260179863
0260508346
0260508943
0261199327
0262590074
0263047800
0263850179
0264098623
0266084932
0266172123
0267032116
0269706476
0273090079
0274733583
0276102978
0276943310
0279459176
0280064418
0281077495
0282610003
0284527536
0285529540
0286940491
0289724388
0291353775
0291401966
0292876296
0293985858
0297440976
0297736296
0300556707
0300677318
0302581208
0303375620
0303759466
0304356416
0305685552
0306565628
0306569467
0308556646
0312155539
0313336722
0315064842
0315298911
0316608290
0317719647
0319475360
0319990658
0320096343
0320731602
0322070091
0325494764
0325733420
0327267263
0330980907
0331812205
0333869968
0335000825
0335505028
0335507807
0335822611
0336338519
0338159807
0339311605
0341568548
0343180105
0343519324
0344157950
0345069857
0345907940
0346444855
0349348613
0350949452
0352859779
0356955266
0359847186
0359944887
0360303063
0360600110
0362008001
0362512468
0363531820
0364920761
0367039788
0371011962
0371331857
0371526334
0372404774
0372607611
0372958397
0374819021
0376296818
0379243384
0380836993
0383022889
0385218801
0385925770
0386343070
0386923797
0387642812
0392708342
0393423749
0393949155
0394231883
0395009139
0395058633
0396652606
0396858755
0400937574
0403211774
0404718210
0406039667
0406890068
0407121643
0408761507
0409033213
0410321111
0411158650
0411986462
0413148598
0413213914
0414660599
0416370221
0416436522
0418738339
0419970146
0420740837
0421829552
0423088874
0423852159
0425654405
0426053047
0427436438
0427499136
0428132652
0428412038
0428513398
0430664124
0430963470
0431270291
0432144284
0433495358
0437001020
0439008991
0442413760
0442718071
0444450134
0444463209
0446947736
0450671904
0451573466
0452710161
0455666940
0456077076
0456300496
0456563287
0456987725
0457129158
0457252415
0463422109
0464155963
0464217671
0465543031
0465994833
0465999132
0466171724
0469468382
0470180922
0471708243
0472001237
0473100742
0475800884
0480076264
0480541832
0483317032
0484761670
0487965231
0488126195
0489001311
0489252850
0490109157
0491649097
0491708078
0492394614
0493795094
0494187309
0494605045
0495374159
0495402873
0496030496
0497383847
0497674648
0498555385
0506057131
0508848533
0513233460
0513607231
0513978297
0514863370
0515019525
0516064790
0517456351
0517537635
0518520855
0519009107
0519123954
0521151424
0525556709
0533552069
0534229933
0538661198
0542663601
0544433129
0544438479
0548986537
0553186098
0553338614
0554104733
0555285533
0557735622
0558528433
0558606319
0569311391
0571064232
0573093208
0576696553
0577211239
0577712158
0580891688
0583931420
0587034994
0588076761
0588575180
0588755872
0589756461
0589913846
0590160914
0591511235
0592878267
0592939728
0594443962
0594887443
0596403579
0597928565
0598354852
0599183713
0600246701
0603512903
0605652474
0607243985
0609356298
0609767584
0610026152
0610236538
0610421256
0611509830
0613468955
0613585967
0615074611
0616898256
0616948388
0617049128
0617253257
0618508983
0619673848
0620636644
0621785192
0626999849
0627711117
0629013990
0630039768
0633661317
0634865530
0636413280
0636709602
0636764272
0637423668
0637502724
0639418969
0640683270
0641316497
0643745475
0643981344
0648089673
0648290022
0649823502
0650290583
0651494813
0652236069
0653300043
0654158002
0655294047
0659278991
0660127279
0661451502
0663146412
0664262500
0665592562
0666659377
0667575605
0669023025
0669042588
0669282760
0673712135
0675231060
0675815748
0676501390
0677160285
0680118724
0680725431
0683128273
0684345080
0685804667
0686298415
0686560585
0687182981
0688889282
0690637169
0692748570
0694181151
0696448361
0698273880
0701378333
0702695233
0704801304
0705479323
0706540986
0707707936
0709292362
0710642191
0711517153
0712848179
0715250299
0715726644
0715938396
0717086585
0717340543
0720212153
0720266630
0720497278
0721053157
0721889806
0722527653
0723384565
0724303569
0724807169
0729295281
0729570408
0729604174
0729618760
0732001389
0732817046
0733334807
0733907024
0736525416
0737580630
0738873686
0742052229
0742638309
0742818756
0743304028
0744117778
0746646707
0749359129
0750934230
0752818374
0755374788
0756066569
0759837452
0760793188
0761211482
0762318517
0763312034
0763456399
0764210695
0765971334
0766309413
0767150732
0769046170
0769112869
0770506381
0773029200
0777268239
0779230492
0779318275
0780435250
0781077449
0783004556
0784440773
0785175557
0788011694
0789275497
0789443855
0790350685
0792295159
0793690273
0794738026
0795313355
0796883935
0799257094
0803689381
0804068581
0805639290
0807053931
0807718410
0814081827
0814623043
0815850750
0819280486
0819638582
0819878776
0823367588
0823865007
0824441982
0826187328
0827747450
0833087681
0833188795
0836291731
0836336870
0837301110
0838972998
0841489552
0845504516
0847312071
0847828812
0848329611
0850027887
0851715311
0852812477
0853070973
0853176544
0859492197
0859825297
0860893428
0861768012
0862136914
0862800073
0863093021
0864113957
0865221335
0865352627
0867785917
0867790360
0872874404
0875379202
0876202550
0876663058
0879437098
0879648251
0882555457
0884100157
0884336379
0885071855
0885308151
0885407541
0885490473
0885666787
0888047659
0889155903
0891283531
0893108815
0893327294
0894995789
0895487922
0896097859
0897084468
0897498158
0897541846
0898165794
0898923218
0899784814
0900361934
0901887919
0901929854
0902074192
0904939695
0907216656
0908433329
0908675338
0908970014
0909459692
0911901974
0915002542
0915345199
0916030833
0916057609
0916968757
0920748161
0921402013
0921688261
0921916130
0926693681
0927567937
0927988967
0931496335
0934518832
0934896710
0936273987
0938447234
0938544143
0939274397
0940317752
0940852712
0941905147
0942249373
0943036952
0943067574
0944871343
0944976005
0947973734
0948585582
0949818311
0950118209
0950468063
0950585582
0950703456
0954285811
0956418216
0958967348
0959798548
0963111770
0966780518
0968373828
0968956640
0970519732
0971712596
0973053935
0974110181
0975440700
0975509623
0975891829
0976308492
0976584162
0977572673
0981254263
0982136861
0982990218
0983390528
0985589461
0986720525
0987271495
0987769354
0990694830
0996072467
0998580035
1001969279
1002321563
1002588135
1003010115
1004803629
1005004469
1006531507
1006634369
1014383777
1016056088
1016712114
1017120291
1021133364
1022873892
1024981828
1031196300
1031455095
1031634150
1032292133
1034190563
1034305169
1034497817
1035121428
1035377357
1036596981
1037012309
1037152005
1038659166
1038847280
1039621561
1042986634
1043550838
1045144026
1045967034
1046039171
1047486212
1050005355
1051108882
1052819693
1056133488
1058920077
1060059452
1060871557
1060881378
1061430031
1068078534
1068329627
1069493702
1070113053
1071057998
1073005649
1074053164
1079109852
1079188183
1082506713
1083313507
1086770916
1087759036
1089519076
1089764999
1090156698
1091635582
1091867603
1094976467
1097282647
1098494778
1100773256
1103070664
1103363623
1105342995
1106324995
1107848466
1108070184
1109049316
1110292776
1111204864
1111401061
1111576645
1112020065
1112876270
1113541630
1116530280
1119325393
1121038956
1124736878
1124887226
1124946597
1129630848
1129743620
1130906030
1131650415
1133233361
1134005120
1135865492
1136078614
1136529823
1137472506
1138027466
1138292891
1141502642
1144594940
1145260199
1146172929
1150549702
1152671489
1152708574
1153350549
1154807139
1154887783
1156822115
1157213393
1158778754
1160597003
1162630505
1162655960
1165367715
1168108318
1168202056
1168544025
1170816449
1171863655
1171975291
1172055674
1172899877
1173180730
1174154478
1174952934
1175114331
1175391355
1176179943
1176441967
1176749529
1178830232
1180274732
1181004962
1182860700
1184256544
1187554733
1190021475
1190465209
1193862568
1195132236
1195770104
1197346427
1198528747
1199273651
1200563902
1201015873
1201641450
1203077332
1203177275
1204412020
1205203579
1206603661
1209669017
1210178912
1211034846
1213774545
1213957809
1216533224
1218593258
1218897080
1219787239
1220257990
1221747267
1222684854
1224250122
1226472480
1227468675
1228247824
1229765054
1230035404
1231189179
1233018841
1234475527
1238123347
1239074462
1239394963
1240509901
1240548401
1240773257
1241024893
1241571163
1243060562
1243811951
1245241356
1249089735
1249311821
1249569506
1250963369
1251487245
1251767315
1253336153
1253911230
1254315946
1258284592
1258965586
1259469512
1259893715
1260531232
1260737257
1260983581
1261018148
1261424190
1262379396
1262586615
1262985930
1264145639
1264315589
1266496758
1267336501
1269459747
1271158618
1271793058
1271875911
1272021001
1273557721
1273595813
1275732695
1275807912
1278699100
1278963494
1279794399
1281895889
1282379085
1282829078
1283090100
1283107879
1284576718
1285573428
1288642092
1292468773
1292709376
1294336899
1294941420
1295468847
1296229570
1296853258
1297130004
1300142447
1300892497
1301684409
1303060231
1305527762
1307077781
1307902199
1308751181
1309759523
1310201486
1310631227
1314398020
1315351485
1317235476
1317903180
1319201186
1320003431
1320478792
1321671964
1323749758
1325099469
1327015425
1327867719
1331706949
1331798778
1331945409
1333955644
1337305796
1339471767
1339904414
1341216819
1341472435
1342544319
1342896366
1348745110
1350120423
1350524024
1351642157
1354092303
1360486033
1361868835
1361902095
1366549645
1367504436
1368405963
1368969422
1370986216
1372502139
1372690314
1372961879
1374489351
1375841192
1382004506
1383196348
1384555356
1385710267
1386450172
1390016431
1393361390
1393783340
1393869951
1396354270
1397865077
1399334885
1399368562
1402009141
1402358507
1404635856
1408473990
1408968178
1415200287
1415721461
1418380479
1419778893
1420665054
1421530464
1425543884
1429327298
1429448273
1430240659
1433291544
1433379623
1434028319
1434111109
1434984119
1436398761
1436504954
1437228501
1438640468
1438644416
1438671517
1443475504
1444589830
1445162923
1445902563
1446724462
1447822269
1448695605
1449717864
1456168882
1458538948
1460043480
1460314504
1462948599
1463674376
1465107804
1469098534
1470076058
1471562798
1472339174
1472740032
1473913148
1474407640
1475560144
1477226260
1477327283
1477342330
1477746157
1477795039
1478541048
1479521288
1483468238
1483565969
1483839318
1487202506
1487578938
1487920376
1488572712
1491070712
1491684633
1492685037
1493659806
1496339119
1497679337
1500801787
1503578778
1504228435
1505727786
1506522372
1507400955
1507682311
1509371910
1509431997
1512065358
1514315789
1514982434
1515029325
1516513673
1519851698
1520158698
1520848759
1521830552
1521865483
1522596127
1523679959
1528313644
1531325822
1533022242
1535839682
1536230677
1536818702
1537337973
1537341970
1537895405
1538107189
1538836960
1543023749
1546122530
1547935714
1548410295
1550484934
1551885342
1553515643
1555332248
1556114448
1556657641
1557621328
1559949954
1564812159
1565728200
1567805053
1567833169
1568387103
1569529058
1570110095
1570353969
1571152491
1571630086
1571982202
1573399095
1573792088
1574410211
1575714796
1576341527
1577521939
1581575898
1582173578
1582559134
1583004549
1583107485
1583869764
1584529832
1584577791
1584958553
1585228413
1586213507
1587707813
1588303129
1588332338
1588957808
1589446000
1590036762
1594330213
1596093412
1597494749
1599619298
1601003794
1602116922
1603936386
1604257191
1604932758
1605365533
1606118990
1606269128
1607114739
1607257637
1607562066
1608955260
1610753385
1611189921
1611694137
1612537524
1612783179
1612924612
1613084139
1613264614
1615517880
1616280016
1617762446
1620637284
1621107828
1622494028
1624390337
1624907085
1625049498
1626162570
1626482844
1629307514
1629606747
1630744627
1632642148
1632692393
1633161128
1634580077
1636040535
1636470966
1637098515
1637427903
1639938101
1642517709
1643727744
1645529644
1646263580
1648821884
1652581061
1653475945
1654034866
1654382752
1654477868
1654972881
1655592876
1657802734
1657844665
1658687442
1658849440
1658866889
1661248853
1661580741
1661821240
1664399097
1667181144
1667449480
1670049339
1671281948
1673580316
1673582440
1674484860
1679749728
1681653469
1681914902
1681926604
1682963904
1684686353
1684726661
1685539487
1687188667
1687674858
1688405064
1688888095
1689146256
1689480922
1692055846
1692431996
1693332262
1694694566
1695285149
1696161266
1697034759
1697514216
1699964361
1700166491
1700719596
1702686557
1704752834
1707301762
1708236179
1709623582
1710353336
1713343365
1716851640
1717981247
1718250324
1718800530
1720422131
1721397915
1721627886
1721797636
1726246938
1726971499
1727857190
1728561063
1728666823
1732259424
1732369988
1733053380
1734574270
1736022563
1738436580
1739693917
1739856310
1745027606
1748652878
1752286721
1753945521
1754924412
1754980453
1755878257
1757009074
1759899573
1760895181
1761401826
1761531715
1763145400
1766147351
1767131020
1768635265
1768710609
1770660751
1773844459
1775643906
1775898048
1778266106
1779041034
1779090412
1780268622
1780824526
1781612417
1783360162
1784143195
1786250903
1786587714
1787461402
1792875142
1793712603
1795445419
1795909271
1797644219
1798735167
1800408669
1800855135
1800919607
1802454307
1802643308
1803389037
1804319099
1804368763
1804467728
1806135554
1809004555
1809390553
1810860165
1811236111
1812661191
1816025500
1817341392
1817942950
1819095751
1820415904
1821973361
1822287358
1825089523
1825133619
1825283579
1825916131
1826982864
1827035249
1827831149
1828536999
1830492949
1831492870
1832564465
1833916043
1835188838
1836390354
1837281463
1838284561
1838757072
1838780920
1839986548
1840833992
1843024853
1844392955
1844562354
1845139150
1846498380
1846838375
1849258369
1849685504
1850067362
1852522319
1853704230
1853710854
1856512738
1857651382
1858380495
1859234439
1862766913
1863120262
1863659337
1864884418
1868097740
1873583937
1874944468
1876375998
1876405137
1876655103
1877966072
1878062966
1878843483
1879094251
1881107030
1884255254
1892054910
1892960684
1893615499
1894367907
1895755714
1895907008
1898295922
1899001335
1899569954
1900320535
1900889692
1901192892
1901975310
1902763572
1903160923
1905724452
1907473022
1909257543
1910659319
1911362783
1913627955
1915986438
1917311644
1918900882
1919217302
1921413899
1921862302
1922769901
1924917269
1926669592
1926770951
1928181421
1931290077
1933478645
1933559077
1933824219
1934305711
1936610491
1937892210
1940521476
1941681520
1941968426
1942045513
1942823117
1945675813
1945798925
1947580482
1948141309
1949162544
1954667200
1955915328
1956430945
1956977736
1959150098
1959551818
1962922526
1963832590
1964708982
1965154795
1966670037
1969901021
1970376747
1971286301
1972175272
1972262750
1972486283
1973302697
1973711714
1974688448
1975495574
1975542325
1978502595
1978569973
1978807059
1979068249
1979383369
1979469513
1980526051
1982538804
1985292206
1990019991
1990050785
1990957763
1991544883
1991964503
1993317718
1994093352
1994485337
1998403603
2001253774
2002273435
2003659208
2004458294
2004516472
2005558264
2006185058
2006472119
2006477896
2008647727
2009103141
2009525513
2010205596
2011695684
2012456777
2012992020
2013876047
2014155374
2014944678
2015469797
2017446856
2018043630
2018917139
2019044657
2020522109
2021854911
2022486926
2023197349
2024573063
2027382208
2027451962
2027569130
2029550135
2030585498
2031209626
2034165715
2034612251
2034900056
2036064433
2038422794
2038991222
2044227421
2044328598
2044929676
2045044505
2045583324
2047717854
2049005266
2049613611
2051998571
2052768491
2057857715
2060554728
2063629626
2065428469
2067032144
2068577438
2069480256
2073158208
2073456990
2073545024
2073830754
2075819037
2077177390
2077379657
2079056076
2082465953
2082910964
2083717822
2084300957
2085333134
2088879267
2089135472
2089720107
2093654290
2094685532
2096809148
2097190370
2099447688
2099825116
2105468447
2105977595
2108673813
2109125764
2109234555
2109435402
2111846490
2113604515
2113718480
2114829950
2114932675
2115519733
2116010705
2116081134
2116164603
2116903681
2119523103
2120572826
2121399836
2124414837
2125224277
2125728656
2126946754
2127431661
2127531211
2129109751
2129780210
2130385102
2131608286
2133194572
2133434275
2134338549
2134767085
2137669390
2137848211
2138119435
2140946590
2141744916
2141889112
2144511040
2145442440
2149706620
2151345323
2153500456
2153642035
2154163851
2156366334
2157700417
2157832345
2159697372
2159992874
2160132349
2161411299
2167087719
2167133837
2168149265
2168650806
2169088519
2171335836
2171630887
2172605357
2172939683
2173644898
2174468173
2178845125
2179307727
2179519193
2182557658
2188179125
2188342148
2189682021
2190521422
2191322472
2191705011
2192316080
2192658466
2192809431
2199567459
2199577532
2201898659
2203461620
2203546763
2204045337
2207990389
2208438134
2212219664
2212342916
2212378897
2215463768
2217224707
2217574756
2217881058
2219052409
2220226833
2221250451
2221270732
2221832284
2223771242
2224217857
2224436150
2224913976
2226692147
2228095507
2229638180
2231099304
2235706587
2236943775
2238621013
2238724057
2239600366
2241319760
2244147674
2246432758
2246631461
2250235057
2250718515
2250739186
2254000840
2256461272
2256790661
2258243301
2259328139
2259827203
2261061758
2262206358
2263480132
2264498430
2264988798
2266663003
2266837035
2267138754
2269672993
2272431334
2272516456
2273029999
2276525540
2277369768
2278001043
2280493949
2282349040
2282609901
2283860030
2284152432
2287208626
2287838893
2288892610
2290020611
2290611281
2292496713
2292845708
2293014212
2294267505
2296085866
2296995525
2297818359
2298013857
2298860879
2301736104
2303167626
2304189761
2304205737
2305506072
2305988881
2306305772
2307029734
2307827436
2308461012
2309371875
2309398775
2309833732
2313302423
2313724730
2313740246
2314479095
2320466661
2321454797
2323367811
2323766143
2325280034
2326682511
2326844022
2329598242
2330629568
2331338076
2332445793
2332848694
2334401345
2335631895
2338201524
2344589734
2344752000
2344921305
2345273895
2348493632
2348959125
2349108373
2350014679
2352373266
2356361687
2356386391
2360451952
2362121151
2362535963
2364238535
2365690288
2367749761
2372178812
2373346064
2374160496
2374877069
2375546455
2376106279
2376127660
2376176533
2376281649
2378537099
2378665895
2379562955
2379628540
2379720761
2380946624
2383027050
2383169303
2384015916
2386046795
2387494817
2388132376
2388452975
2389242707
2391604581
2391765397
2393529112
2393637462
2394572745
2394866293
2396171777
2399189077
2399931395
2400013277
2400435589
2401244672
2402645507
2402702034
2408865669
2409192165
2409467418
2409947510
2412623436
2413316095
2414167524
2414983805
2415051993
2416520213
2416753347
2417570239
2417616932
2421838382
2421919025
2423383194
2424673415
2424968712
2425039818
2426549562
2426783168
2428488392
2428558529
2429289011
2429547658
2430465742
2430948472
2434605268
2434859639
2435888848
2436498770
2439735210
2440433449
2440885441
2443651008
2444139457
2445041517
2445393090
2445686102
2447329162
2447673127
2448815917
2453176858
2453642189
2453702403
2455354349
2455728351
2457861075
2459137204
2462314887
2464941335
2467009993
2467611652
2471591363
2472155915
2474716202
2475216719
2481579135
2484050735
2484669110
2485155843
2488040931
2488150735
2491163809
2491446248
2493057566
2495318188
2495775444
2498393429
2499407895
2499703794
2501030275
2502044695
2502600263
2506041999
2509230883
2509411805
2511989327
2511993280
2513110648
2516177904
2516208513
2517398150
2518684891
2520240284
2521092011
2522876645
2523546009
2526146007
2530456974
2533956514
2534684984
2535343238
2538193209
2538359489
2541456183
2541605881
2541669684
2543858280
2544853216
2546081307
2546312636
2547784524
2549089891
2549116034
2549886153
2552420512
2552643960
2554806628
2557362551
2557916020
2558177781
2560862122
2561310659
2562429915
2566541623
2566932140
2567128645
2567942653
2568131620
2577511966
2578898681
2580485489
2581514982
2585001728
2588671975
2589574632
2589962969
2589970862
2590573003
2591242023
2591800897
2593145677
2593538830
2593859784
2594316215
2595376966
2595406410
2595652475
2595710017
2596146217
2596454275
2596732106
2596817953
2599311511
2599719784
2601419355
2604277293
2607127989
2608019910
2609093632
2610688106
2611351148
2611570727
2612633599
2613133038
2617031975
2617104035
2619033048
2619138347
2619457948
2619972676
2620215574
2620858540
2621089863
2622632608
2623966141
2624932142
2627637079
2628712421
2629887986
2631041741
2634232033
2634584228
2634868254
2636703780
2638625795
2638706026
2640680767
2641418589
2646426596
2646666843
2649402916
2649449303
2653321398
2654809796
2656713778
2656942968
2657189075
2657674624
2660614989
2662564479
2662966926
2664251625
2669010845
2669928327
2670740689
2671329242
2671593413
2674365958
2675087907
2675667339
2675689117
2675694027
2679022825
2679251240
2681209403
2682481504
2682967323
2683017314
2684525532
2684908558
2686180443
2689874155
2690124934
2690947132
2691398947
2692991676
2693780705
2695734627
2696612845
2696652447
2699309161
2700426655
2700939795
2701377486
2702093960
2703997863
2704415076
2706213922
2706845151
2708277481
2710388084
2713197344
2713363633
2717099474
2717706537
2717924538
2718547070
2718682373
2719781519
2721880334
2723326868
2725661248
2730154072
2731522625
2731965052
2734457369
2736070926
2737067293
2737543873
2742341605
2743273186
2744045414
2747300713
2749664381
2750024384
2752840349
2753016251
2755172857
2757069237
2759275819
2760115540
2761583661
2761593598
2762464537
2762986466
2766066481
2767309621
2767478029
2767775100
2767819862
2773571491
2775869483
2778308298
2780590621
2782685359
2784100396
2788890889
2790063769
2790646222
2792724997
2795430058
2797565330
2797858614
2798959957
2799938494
2802078213
2805240043
2807128370
2807693440
2809151714
2810323349
2810810444
2814470223
2814535982
2814754242
2816765295
2816878908
2818485086
2818592394
2818756342
2824643178
2825026405
2825227880
2825668920
2825748131
2826549991
2826850974
2826860253
2829975671
2831116887
2834078508
2834177296
2835270015
2836917390
2837470072
2839789435
2839924752
2840418131
2841052166
2842914094
2843968503
2844017199
2844509608
2845155022
2845332339
2846364855
2846976941
2847365977
2849149159
2849829627
2850991192
2851121956
2852990880
2854741752
2854946639
2855815693
2857228293
2857309260
2857967956
2858044566
2858513768
2858932872
2860136653
2865633920
2865898659
2868048841
2869506583
2869707167
2870267216
2871870343
2877134230
2878089963
2880121060
2880425279
2881832435
2882361781
2885757083
2886150574
2886535193
2886824116
2887631539
2888807583
2889100097
2889922303
2892507986
2894122410
2894158612
2895362009
2895820366
2896057455
2896074912
2896898265
2897974654
2899301908
2900390609
2901237706
2902934239
2906100159
2908044138
2908100028
2908418470
2908709377
2909164243
2911516897
2912425247
2912477389
2912932885
2913356903
2913877375
2914103195
2915160096
2916542155
2917366242
2919093286
2919367414
2920391862
2924516789
2926194852
2929550685
2930182072
2930656216
2931512801
2932714179
2934518420
2937612459
2937973822
2939874176
2940723760
2940831951
2940899961
2941303361
2941469110
2942669865
2942728806
2944133760
2947314514
2949180518
2949726901
2949862255
2949902271
2950077880
2950217540
2950823040
2952927960
2954035352
2955463340
2960477187
2964023698
2965070455
2965890560
2966366529
2966439808
2967536909
2970070641
2971420823
2972881356
2976342072
2976896661
2977309349
2977943077
2977988951
2979004197
2979775868
2979828320
2979917587
2980400586
2981211663
2981871434
2981887191
2983897517
2983923957
2986331522
2987748001
2989233501
2989370989
2992651143
2994058639
2994915248
2997764092
2997772674
2997866184
2999333068
2999367002
3002924993
3004840306
3005540975
3009038683
3009375842
3009705197
3009776767
3010122707
3010569928
3011093832
3011556563
3016638340
3017975907
3018223728
3019690183
3020066391
3020563998
3023010496
3023125591
3024419141
3024761725
3025140406
3026444454
3028512020
3028545852
3029060100
3029930071
3030963150
3036643219
3036684787
3038903272
3039053496
3039073274
3039210044
3041041904
3043067938
3043744468
3044075202
3044294938
3046645009
3047455529
3048149227
3048463030
3048470324
3048659378
3048719672
3049581864
3050197007
3051122528
3052102205
3052265353
3052577136
3053968871
3056099044
3057422273
3060244191
3060758067
3061621904
3062648593
3064125390
3067603804
3067667974
3067759567
3068518945
3068847564
3069324636
3069563427
3072164334
3072236938
3072940154
3073786875
3076565540
3076628294
3078417982
3080218093
3082946299
3084039128
3086182164
3087132652
3087337373
3087344167
3087802187
3089516505
3090589482
3093117813
3095246464
3095745809
3101384163
3102000170
3103703398
3104369787
3104413628
3105252297
3106203256
3107842677
3108776866
3110524561
3110896578
3112732119
3113943683
3114141023
3114798532
3115449079
3118229832
3121521300
3125992068
3126359767
3127698002
3129942354
3130030746
3130762972
3130952304
3134125053
3135785462
3137207615
3140252329
3141976682
3142352334
3143142107
3143332029
3144004082
3144194563
3149086382
3150073923
3151835421
3152291035
3152489777
3153176171
3153519106
3153669813
3159768082
3160766656
3161362834
3161662731
3162298671
3163160075
3163286823
3164271671
3166274533
3169051190
3169197230
3170236419
3171290797
3172055427
3172288923
3172597771
3174279374
3174610263
3176822940
3178385807
3183081679
3186450533
3186572928
3188705260
3194499144
3197277865
3199030232
3199464451
3201898324
3202100441
3206395640
3206675861
3209330857
3209633571
3209713910
3209850273
3210223676
3210255549
3213041429
3216118379
3216403685
3219387798
3220774229
3222423760
3225702018
3226960767
3229347616
3230761180
3231761179
3234743127
3236088124
3236929125
3237620238
3237854685
3238914465
3240745594
3243461364
3246823691
3248480239
3251601557
3252507113
3252831731
3253337881
3253861132
3258036050
3260521085
3261054903
3261956374
3265645635
3266267239
3271223700
3271319016
3271928898
3272207875
3272481668
3278234478
3278417276
3279014797
3281038754
3282291764
3282331860
3284485041
3287048428
3287149553
3287237451
3287439955
3288306357
3289431508
3291872224
3292878511
3293506502
3294110036
3294781616
3294945804
3295995043
3296936756
3299650741
3300092721
3300110046
3301211078
3301501924
3304307707
3304589530
3305393567
3306484819
3306588898
3306598362
3311217451
3311401275
3313098697
3313262772
3314141235
3315278762
3316196614
3316203869
3316285762
3319222013
3320036547
3321329950
3321404710
3321541727
3321702841
3321819966
3322743289
3323642820
3323863037
3324295575
3325726821
3325793470
3326644231
3327060753
3328254964
3330624593
3331650188
3332842555
3335241390
3335751853
3335809560
3339384084
3340468686
3342165083
3342547441
3345623806
3349842702
3350358017
3350522896
3350859720
3352054507
3352181531
3352430535
3354344372
3354897949
3355264020
3355334539
3357704728
3357942155
3358800093
3359364714
3359809112
3360793791
3361245910
3361348804
3361458296
3365104091
3369913395
3370968471
3371426941
3372262188
3372315992
3372723685
3375603648
3376954670
3377020591
3378357747
3379315042
3380394150
3383532919
3383972520
3385240930
3385582936
3386449200
3387566462
3387707119
3387755969
3388086617
3388271877
3388273737
3392794201
3393193366
3395741462
3397850433
3398562084
3399711795
3401104143
3402043716
3403299894
3405067910
3405552210
3405973004
3407337578
3407462335
3407982479
3408207113
3410315980
3411633961
3412418531
3413266779
3414380761
3418247948
3418710969
3418920853
3418929749
3419235653
3422092574
3424088622
3427862864
3428535379
3432138420
3434019702
3435780222
3435867853
3437476161
3441000335
3441178354
3442139339
3442436007
3442960489
3443842058
3444490223
3447179419
3447559079
3447917338
3448778534
3451450741
3451996299
3456556988
3456647337
3457913397
3458171207
3458194888
3459322228
3463723868
3464273585
3465968446
3468778917
3469686678
3472207205
3475833352
3476248058
3478679745
3479625785
3481027034
3482455226
3483486837
3485617686
3486104351
3486649699
3487278467
3487728502
3489207330
3492004596
3492502567
3492719316
3500599190
3504282673
3505731234
3509333032
3512276825
3512772998
3513429542
3513832765
3514400077
3516729247
3520648513
3521270648
3523458540
3523819213
3523826929
3524836214
3528186842
3529051254
3530739158
3532374554
3532454023
3532633984
3532644067
3534026844
3535135502
3535663702
3536739008
3537968338
3538510183
3538555072
3539205294
3542531522
3544425816
3544493807
3547111563
3547785548
3550530887
3551366119
3552399065
3553318990
3553447302
3554838360
3555461826
3556862185
3556958806
3557003320
3557337014
3558832269
3561462841
3561608821
3561797676
3561866987
3562126725
3563247566
3563378133
3563487428
3564079107
3565255167
3565741017
3568293168
3570399113
3573309835
3573548837
3575789575
3576182346
3578399905
3579835981
3580609635
3583294155
3584520985
3585759096
3586116018
3591269215
3592574636
3594548973
3595055136
3596231941
3596589279
3596849143
3598421258
3599217397
3601271252
3601319445
3602353971
3602850042
3602976702
3603058232
3605240029
3605258845
3606132375
3606952114
3606980049
3607315509
3607348493
3608055360
3608775287
3612939791
3613043723
3614513739
3615999310
3616915646
3617134709
3621722288
3621909893
3623960249
3623968965
3624394453
3626259104
3627117031
3628884068
3633795349
3635391595
3637588646
3637816369
3638987254
3643500507
3645279933
3649569652
3650165480
3651595445
3652209724
3653914671
3656791070
3658488996
3659129523
3660410544
3660589597
3661943494
3662429980
3663429117
3664484183
3666441308
3672372234
3674053812
3674676975
3675333220
3676205092
3679258913
3680501684
3683436129
3684762191
3685230991
3687118470
3687351572
3688157947
3688839985
3688904713
3689454915
3689893434
3692593478
3694541221
3695051754
3695124507
3696049247
3696133815
3697071817
3697430172
3697810876
3698732010
3699412723
3699883971
3702143056
3703705335
3704742224
3707266198
3711934880
3715961351
3717889009
3718175192
3719005257
3719730588
3722194346
3723657295
3723823757
3723957224
3724186563
3724438679
3724568326
3727477195
3728518117
3729576345
3731594232
3734887651
3737945097
3739293504
3741474511
3741629221
3746523861
3746773642
3747222966
3750548374
3751236744
3753434602
3753464262
3755701419
3757963790
3758024810
3759764587
3759991100
3760084691
3760129280
3760824768
3761489546
3761989712
3762183074
3762453491
3762853973
3763309898
3764745425
3764831354
3765453688
3766624479
3766880957
3771498748
3771547890
3773184085
3775226975
3778767543
3779044868
3781366529
3782678046
3787213721
3792531306
3794111914
3794446137
3794600959
3796769209
3797018820
3800622736
3801172536
3801759382
3802625925
3802883526
3804611900
3805816577
3806480341
3807746061
3808427638
3810161126
3811416026
3811585141
3811987001
3812138211
3812620949
3814969550
3816937881
3818559739
3819323285
3819788522
3821903972
3823836154
3823891213
3824288361
3829168851
3829465954
3830383137
3831807642
3833349925
3833915645
3835666908
3837415778
3840000064
3840346688
3841588338
3841599118
3841719190
3844032635
3844635601
3844741436
3845001352
3846443715
3847900303
3848914005
3848916076
3849836007
3851757138
3852181656
3852456339
3853520118
3855570746
3857505845
3859989389
3860579034
3861920465
3867042522
3868208815
3870495405
3870688393
3870742952
3872917934
3873691257
3874107492
3874887856
3876294059
3877976651
3882269284
3882320260
3882401728
3883705163
3884177095
3886545167
3887961211
3890071061
3890591776
3891374498
3891781670
3894050043
3896211370
3897549215
3903889982
3904230173
3905429453
3906472163
3907375393
3908023383
3909343247
3911073677
3911116689
3915166265
3915696045
3915852694
3921168225
3921426387
3922045825
3924458546
3924499836
3924827189
3927731936
3928954326
3931254292
3931901911
3935227123
3935244926
3935986855
3937613526
3937980351
3942960385
3943301098
3944059343
3944304699
3946378514
3947716848
3947788769
3949638323
3949798868
3950352990
3952081663
3952435740
3952497185
3953577637
3954971314
3955727466
3955805111
3957771623
3959494863
3959672823
3959847782
3963495210
3968557298
3968908783
3969398268
3970183769
3971879092
3973160670
3973358612
3973638914
3974805704
3977226520
3977765755
3979338367
3979598929
3981694525
3983854868
3984441368
3985691376
3987257735
3987858724
3989344150
3989826185
3991126804
3991303626
3992501867
3994081947
3994785764
3995116491
3995802069
3996691251
3997064841
3997216339
3999198084
4000524510
4001039431
4003161763
4003250555
4003449230
4003833803
4005960419
4008684531
4011832048
4014230294
4014638638
4015309116
4015642947
4016145114
4016415143
4016457123
4016959763
4017035652
4017514866
4019955131
4023210926
4024472422
4025359347
4027151066
4031400474
4033731806
4034027214
4035072107
4036879891
4036945004
4038575169
4038931860
4040179357
4040694916
4040794306
4041952871
4042381673
4043839953
4044247509
4044272179
4048771974
4049508523
4049543031
4050716435
4053399507
4053410203
4053483201
4055510427
4056374389
4058226779
4060159538
4060270265
4060395167
4060525391
4060798721
4064357427
4064584017
4065413991
4065427281
4066055333
4067264418
4068173501
4069011072
4070413805
4071557695
4071577650
4071719250
4072545038
4075571904
4075606582
4077024509
4078537162
4079039740
4080788817
4083069756
4084626993
4086443279
4086888993
4087564589
4090086487
4090544310
4091771104
4091847896
4091876369
4093555851
4094088349
4099326994
4099981176
4100102183
4100938993
4103259302
4105239849
4105535168
4105597701
4105614752
4106059013
4107156036
4108076239
4108803619
4109336944
4111455064
4113626352
4114390563
4115429401
4117216852
4118967284
4123891240
4124084324
4127893133
4134909279
4136144131
4137532904
4138737497
4140517983
4142686054
4144934767
4145273901
4145447308
4147878907
4150442967
4154746236
4156700003
4156994326
4157616353
4158471572
4159234528
4159823977
4160186596
4160845486
4161484312
4161816988
4162051298
4164763632
4166260768
4166529200
4167077782
4167134918
4167847722
4168703082
4170096003
4171029615
4172395373
4172620365
4174669721
4177830990
4178160359
4179673540
4180681263
4182448686
4182553026
4185291646
4186317355
4186487122
4189019004
4190746784
4191312812
4192293122
4193156751
4193895826
4194135415
4198960739
4202232513
4202264409
4202373176
4203791599
4204312330
4204799641
4206413002
4206636375
4206822924
4207398603
4208152206
4210756215
4211975835
4217068971
4217619229
4223442372
4225101857
4226667156
4228614180
4229275401
4230596139
4232502046
4232903323
4234058219
4237703626
4238882725
4239980999
4240522517
4243885648
4244056452
4244825611
4245262903
4247471116
4249283195
4252814461
4254317724
4255768704
4256825210
4258278564
4258320287
4260468066
4260826038
4264101676
4264508788
4265883790
4266023998
4267818563
4269484839
4270073178
4274790286
4275386598
4277707381
4280558290
4280828002
4283853827
4284645965
4284988486
4285114977
4286163282
4286611656
4287557601
4288291055
4289474682
4290116139
4292278952
4292858445
4293047423
4296861003
4297732076
4298452673
4299830184
4299847819
4302380277
4302633079
4305003149
4305021771
4305740286
4305747592
4305946094
4308414965
4309136309
4310240576
4311788394
4311902545
4313284478
4314327243
4315354890
4316233956
4316541982
4317778480
4319796061
4320447947
4322793287
4322976411
4325738043
4326929891
4331543139
4331648493
4335703160
4335705858
4336363068
4337109831
4339688328
4341011063
4341095347
4341738985
4342723888
4344018722
4345081459
4345505450
4345997662
4346049075
4346053369
4347823393
4348032431
4348831918
4349028281
4350424672
4350623913
4353335155
4354632834
4355094883
4356034952
4356811263
4359857651
4360585574
4360747194
4364274671
4365781231
4366223226
4370470942
4371599463
4372849348
4373986243
4374899908
4376720486
4377335063
4378713064
4381198870
4381353731
4382781688
4384826239
4384846732
4385003523
4386089086
4387113888
4388365106
4388617583
4388881976
4393785779
4393846732
4396350702
4396515949
4397075818
4399125410
4400240759
4401289018
4408197726
4410219420
4411116447
4411365093
4412257691
4416393312
4417674548
4418614189
4418640711
4419048782
4421116286
4423412805
4424450591
4425413796
4427093289
4427749209
4428845319
4429359083
4432319281
4432970109
4434340164
4434518322
4434733074
4435072118
4435616565
4435634894
4436205545
4436547675
4436847529
4437245231
4437592849
4437688750
4438172802
4438941148
4439011142
4439060683
4440925161
4441883245
4442220791
4444732581
4445658798
4449985494
4453191490
4453307492
4453329592
4453794149
4454652365
4455040017
4455357668
4456277765
4456290998
4457739368
4458147064
4459682832
4460778280
4460852950
4463361375
4463369237
4465374526
4471700036
4472310481
4472358367
4473211873
4476535412
4479063320
4479914646
4480070777
4480082178
4480083724
4480308017
4480759049
4481272042
4481703496
4481763619
4484213043
4486181810
4487714702
4489150592
4490850452
4491138179
4491423554
4491695981
4494155686
4498567020
4500559795
4500745913
4503254520
4503385739
4503462046
4504041990
4508264449
4508500328
4510040129
4511838759
4512042396
4512484594
4512557998
4514398843
4514493982
4516440426
4518716440
4518861997
4519029110
4519344715
4519754839
4519767332
4522348914
4523482832
4524642660
4525755872
4530340058
4533328356
4534642918
4538858760
4540029811
4541558484
4542538046
4542560925
4542727975
4542748131
4543959976
4544989032
4546479033
4546929694
4548677215
4549611439
4552128613
4552144829
4553854969
4554027148
4555027007
4555111721
4558754500
4559484535
4560270403
4560672227
4560753325
4563194568
4564200417
4564218721
4564835953
4565095422
4567326370
4567846035
4569164307
4569410453
4569808891
4570518987
4570755767
4571559544
4571957643
4572486060
4573301425
4575399863
4576211141
4576908320
4576997051
4578143546
4582357470
4583708654
4585142112
4587455465
4590905064
4590919516
4594115012
4594980384
4596580463
4597004048
4597569308
4598881406
4600827128
4600980741
4602054883
4603131308
4603303311
4603549130
4603786850
4604025510
4605638272
4606120026
4607037732
4607534194
4607929551
4608032053
4608601323
4608780755
4609380786
4609802008
4610316039
4611325174
4611416282
4614595674
4614906930
4615376912
4615875800
4617841679
4618460834
4618686436
4621012542
4621022974
4623497941
4623892972
4624107449
4624120999
4625987809
4627909427
4632517893
4634218774
4637153602
4637834148
4638070560
4642917053
4643357943
4644042857
4645595601
4647979029
4648993625
4649434284
4651155517
4653885548
4654031907
4654505188
4654515809
4654807486
4658226939
4659120855
4660554284
4665954692
4671141022
4671788163
4672044720
4672268786
4672616929
4674862317
4676308363
4676350922
4677199882
4678611787
4680593171
4681143843
4682608066
4683422490
4683668794
4685091863
4685336249
4687950079
4688532344
4693024683
4693536270
4693586750
4694805174
4701042233
4703638014
4704541632
4705226689
4706174485
4709040709
4709296728
4709407583
4711206760
4711222960
4716851850
4717540806
4720082135
4721093401
4721094179
4723603111
4725931637
4726237132
4727389242
4731005289
4736769593
4736945547
4738250178
4741107743
4742295601
4743752415
4745280509
4746164566
4748140171
4752809351
4753277288
4754682419
4755198089
4755357102
4755774179
4758802321
4759276982
4760534583
4760958397
4761001207
4761243895
4767358990
4768204048
4769653215
4770213449
4771644181
4771667591
4771966575
4772426738
4775811136
4777027370
4777109356
4777564814
4778578655
4778673394
4779310015
4779497476
4780370565
4781096617
4784497521
4786170506
4787346470
4790203932
4791369735
4791375041
4791394603
4794791510
4795708015
4798509525
4799312651
4799382634
4800688129
4805023437
4805823222
4805852527
4808294154
4808400677
4808993776
4809006782
4812026542
4817478335
4817976114
4819185351
4819378545
4820462069
4824884129
4825565020
4826611284
4827384255
4830039587
4830852472
4833590784
4837378397
4838743860
4838918286
4840406518
4842720885
4842768230
4843577008
4844119090
4844188568
4847499090
4851911989
4852680567
4853372939
4853903115
4855063406
4856896346
4857147232
4857293396
4859318146
4863420319
4864074766
4866188054
4867839613
4869647891
4869648206
4870527878
4870850949
4870888361
4871388287
4873522583
4873600324
4873923951
4876537956
4876735935
4878631519
4879545219
4881381187
4881555007
4882894773
4883504521
4883510150
4885423149
4885735025
4886037634
4887020255
4887318010
4887631652
4888134869
4888511681
4889046997
4889594675
4889675319
4889824211
4890634936
4891274214
4893484477
4895439678
4895864104
4896339093
4897731553
4901756799
4903629774
4904080307
4904128987
4904636253
4905137325
4905556493
4905804839
4906596736
4907437150
4909285604
4912601333
4913706570
4915485714
4916258361
4916434423
4918976340
4920852902
4923372330
4926569473
4928081513
4929434835
4930503634
4932032526
4933010739
4933779975
4935780674
4939867711
4941838526
4944616426
4944827442
4945113257
4945636551
4946578124
4950305489
4951075873
4951570304
4952232370
4953421787
4955113834
4955206425
4956250237
4958648413
4958834212
4958983390
4959688182
4960914247
4961271149
4961893793
4962571533
4966573620
4969046765
4969158138
4969546138
4971376151
4971581590
4974042391
4975240816
4975832286
4976184139
4977005260
4977315875
4978418227
4978525923
4978929724
4979064096
4980331694
4981001218
4984086685
4985168814
4985469565
4986459092
4986778902
4986969631
4988589046
4989757499
4991241680
4992404448
4993661456
4994661630
4994811524
4994812966
4996365580
4996742773
4996909710
4999927935
5000319797
5000886842
5000936754
5001228134
5001653904
5002276393
5002647629
5003060321
5005843326
5006701664
5007321416
5008904650
5009172342
5010140117
5013414744
5013462491
5013637364
5015823847
5015831089
5016148615
5016444008
5016833110
5020071132
5023658376
5025309186
5025620990
5026678679
5028076180
5030073315
5032678079
5034167315
5034321934
5036960475
5037521384
5037769699
5038124921
5039484816
5042714178
5043394524
5043613749
5043831632
5045721447
5045766769
5046518758
5046643854
5048034817
5048078547
5048948814
5053272842
5054842584
5054903495
5055367070
5055846080
5055946631
5057280033
5058445442
5059323309
5059610437
5059822017
5060366663
5060992894
5065285458
5066358149
5067911399
5068870061
5070377899
5072299919
5073616714
5076098440
5076910549
5077034150
5077393324
5080460882
5080941824
5081837550
5083216861
5087394789
5087483127
5088704951
5091744631
5092766845
5092853754
5095731412
5098732932
5099319309
5101674806
5103098956
5106796597
5107441693
5110164292
5110170838
5110245368
5110867015
5113914873
5114337466
5117552737
5117634629
5119649353
5121822112
5123255385
5126682248
5128796128
5129010700
5129283934
5134965011
5135399114
5135943636
5136054221
5137360211
5138278458
5139281853
5139608564
5141060897
5141316373
5141517672
5143045357
5144304060
5145751240
5145812139
5145944598
5146333560
5148607040
5149295549
5149835513
5150000120
5153287763
5154264690
5156139919
5160406370
5161008129
5161443698
5161801039
5166438916
5166792833
5167071931
5168114192
5168761043
5168947065
5169310288
5174967041
5176808160
5177418513
5179712955
5179884820
5180613980
5183257278
5184830540
5186227312
5187845455
5189181333
5189322971
5191208698
5191630598
5197773710
5199159989
5202113051
5205852283
5206759608
5208180847
5208555148
5210808941
5211312450
5211660919
5213249283
5215098875
5217237771
5217429602
5217884033
5219343610
5219508759
5220585087
5225556578
5226124389
5227845231
5231215382
5231243440
5234315004
5234985736
5238392923
5241772849
5242095658
5245261885
5246977304
5256393894
5258402061
5258570084
5259824154
5259921845
5261627913
5262029339
5262726813
5263074539
5263631796
5264549730
5265676202
5266434849
5266527807
5266529478
5266878462
5269501243
5270497763
5271320845
5272430811
5274689960
5276437008
5278036812
5279065681
5279829284
5280878742
5281118301
5281640779
5281682929
5281874196
5284171370
5285491005
5287246863
5287539972
5287834139
5288706547
5288910594
5290113137
5291306789
5291549898
5292473250
5292655827
5294466328
5295628022
5295650505
5296054210
5296835381
5297019209
5297330911
5297742726
5298195397
5298645800
5300716179
5300774263
5301264723
5301627895
5302858994
5303825605
5304133517
5306508865
5308118275
5309384221
5309518441
5310198562
5310875509
5313898952
5314594513
5315784933
5317864657
5318696479
5318818083
5320721841
5320921397
5322320658
5323377893
5323401612
5324700669
5324735542
5324855644
5324975793
5325312871
5325997917
5327033922
5328943489
5331909884
5334249010
5334446127
5334800378
5337893274
5338918486
5341110816
5341557599
5343219722
5343579331
5343952095
5344611946
5344648848
5347035266
5349539260
5352852277
5354565774
5356846960
5357848560
5358743023
5359770660
5359825135
5360251877
5363941236
5364147636
5365775188
5367559684
5368350994
5370491464
5371627746
5374577434
5377185494
5383375557
5384427449
5385075450
5385106142
5387234999
5388220580
5389648521
5391464106
5391646677
5392580691
5393847330
5394168256
5394214097
5396570216
5396769706
5397323299
5398899706
5400324373
5400353509
5400702657
5400934143
5401015833
5401536955
5402192797
5402601638
5406796063
5407986152
5409454863
5409941480
5410073175
5410074230
5410335824
5411039473
5411341339
5413080370
5414077417
5417390376
5417497543
5418820795
5420012566
5422277085
5422752654
5423044792
5423299617
5427274600
5431217436
5432932274
5432969630
5435959609
5436165436
5436541784
5438535528
5438946740
5439217962
5439325298
5441879160
5443799002
5447342554
5448006394
5450330182
5451002037
5451320131
5452039568
5452275527
5452339428
5452827175
5454062686
5455008341
5456695747
5457882836
5461018677
5462108518
5462940270
5464134739
5465585962
5466324548
5467252004
5468470379
5468916160
5470413240
5470987173
5471153712
5472613054
5474657024
5477783272
5480923551
5482231993
5483038825
5484027563
5485498906
5485625515
5486050595
5486237328
5486489065
5488211948
5488568168
5489195758
5489712399
5492215879
5492272124
5494271775
5495244713
5495473798
5495548357
5495559205
5496549597
5496679894
5498163537
5498863685
5500249690
5500718191
5502026106
5503410506
5505302396
5505672706
5508395465
5508541702
5511899653
5515155821
5517223281
5517414473
5519043706
5519318758
5520220231
5521239496
5522112630
5522908084
5523592793
5524426448
5524448288
5524986428
5525415140
5526186257
5526333418
5526476702
5527996963
5532169390
5532761150
5536813356
5540831791
5541950671
5543386284
5543604669
5543770536
5543927315
5544615302
5544692572
5551551184
5551955269
5552134793
5553792379
5553841901
5554585501
5555643841
5558180697
5558865351
5564823940
5565416427
5566415852
5567612976
5568753658
5570355658
5571837960
5575073898
5576011050
5577448476
5577889590
5579422815
5580452550
5581948378
5582263337
5583089038
5583664404
5584406513
5587664598
5589590997
5590255007
5590362844
5590805640
5591183283
5592332716
5593157270
5593534696
5594171660
5596060668
5596826049
5600254085
5605913515
5606839560
5607239842
5607500062
5609758612
5610648254
5610723782
5611995140
5613799124
5614087700
5616914231
5617769443
5620149552
5623806053
5624926673
5625317599
5627761445
5631753673
5635470806
5642755869
5644486974
5645823435
5648670410
5651692519
5656141532
5656916458
5660320797
5660697401
5663256571
5663749134
5665259148
5665574894
5666035483
5666946221
5667550777
5668310719
5670338688
5672843422
5672928024
5674201807
5674454837
5675414400
5677126735
5677281145
5679357598
5682529398
5682920620
5683732047
5685051790
5688970378
5690342567
5692071212
5692954484
5693908714
5694400629
5695125013
5695574448
5697935271
5700139363
5700328553
5700443191
5701023831
5701378307
5704490430
5706282927
5708291458
5710145350
5712956857
5713695721
5715437169
5718842123
5719382159
5720163010
5720662992
5722414578
5723019954
5724542461
5724849225
5727206287
5727996980
5729946436
5731376849
5731934062
5732178791
5732332611
5738514463
5747098993
5747899947
5748358413
5753610728
5754946737
5756204441
5756820374
5759028331
5761087723
5761686102
5763588731
5766505082
5766805570
5772069604
5772562556
5773304508
5774536424
5775209290
5779019504
5779657666
5779801527
5780660896
5781183104
5781306084
5781674074
5782244460
5784378449
5784458280
5784852900
5786013808
5787648320
5790403922
5790945490
5791012511
5791396721
5791845346
5795236349
5795342941
5796782037
5797098329
5797491431
5801024159
5801291536
5802022958
5806123171
5810722274
5810839384
5812251392
5813256551
5813561812
5813577594
5815540066
5815934155
5817136277
5817308463
5817516695
5818069616
5818758206
5820982282
5823835307
5824005637
5824202614
5824851850
5826692223
5828793193
5829038341
5830879269
5831151031
5835825865
5836200652
5836521176
5836549480
5837324754
5837545841
5839281589
5840961339
5841002482
5845681475
5845779005
5846450599
5847641282
5847911125
5848568242
5852030682
5853265564
5855228084
5855754958
5855903468
5857426212
5857479579
5857651870
5861586786
5862035562
5865707272
5867172952
5867544149
5868209203
5868375217
5869793888
5871830176
5872104587
5873616424
5873936963
5875645695
5875976898
5876143035
5876344411
5876351411
5876822520
5877732759
5879405995
5884135376
5884290746
5884360794
5884433032
5884473441
5885573023
5885621861
5887781536
5888133925
5888973431
5889137726
5890154823
5892600936
5892606930
5898556680
5898850972
5899549908
5901011070
5901716194
5905891242
5906528735
5907159507
5907993426
5913292375
5913587384
5914315148
5914949780
5916725031
5919903156
5922478904
5922867710
5925812371
5926207336
5928459739
5928658997
5930757156
5932077414
5932601146
5933953685
5935616174
5936530524
5936999002
5938437346
5938889805
5939093986
5940365695
5940748654
5943436195
5943920204
5946666097
5950303064
5950956150
5951036645
5951342554
5951396493
5951453518
5952271642
5952544125
5954811223
5955846644
5957735058
5957808648
5960070855
5961839635
5965478185
5967805098
5968436443
5970375697
5972364805
5973625385
5975073824
5975160099
5977206914
5978281324
5978466615
5979201978
5979608551
5980064765
5981051600
5981745105
5982089186
5982119529
5983958654
5983984344
5984681716
5985961205
5987522806
5988378748
5988598864
5989738187
5990545585
5991110928
5992375596
5993319280
5993439289
5995961479
5998672370
5998872169
5999429345
5999511209
6001928495
6003343513
6005728254
6005796219
6013160948
6015784720
6016032658
6016045000
6017028822
6017251395
6017537534
6017565797
6019728699
6020693701
6021236180
6021497160
6021838902
6022752751
6023006220
6023576546
6023979704
6024748691
6025007055
6025009888
6025384563
6027053548
6030858464
6031232967
6032702354
6037605587
6039557158
6040509688
6042723592
6043518876
6045805712
6046920599
6050857983
6051569923
6051994300
6052933048
6053052570
6055201484
6056201951
6057089364
6058104738
6058304385
6058547339
6059063070
6062262939
6064357836
6064763959
6066079779
6066415084
6066727864
6069738017
6070162512
6070749524
6071085890
6071094059
6072187852
6074898984
6075435396
6077295579
6078491534
6079791715
6083690765
6087141521
6087570382
6090246238
6090525767
6092762769
6093013364
6096799849
6099090838
6099207455
6103705639
6106242210
6107351055
6109072376
6112057454
6114544319
6115145337
6115813384
6115943230
6117664170
6117875447
6118949551
6119644740
6120542683
6121455710
6122020621
6124738392
6124762766
6127879070
6127936487
6129259754
6129550408
6130918295
6132319605
6133418893
6133874749
6135964169
6136959530
6140628591
6142430368
6143563980
6143806768
6144902139
6149474745
6152047772
6153318683
6155576089
6158583063
6159231954
6167972511
6168194018
6168243944
6168280667
6170433632
6170555154
6170749385
6173225183
6177380724
6178550161
6182320915
6184700646
6185092566
6188622880
6190037400
6191483804
6192675084
6194380119
6194878824
6195405216
6198112151
6200687031
6201197790
6203497043
6203629256
6203772200
6203855800
6204046241
6204751447
6207185272
6209637048
6210210459
6210337795
6213554072
6213554626
6214168195
6216047255
6216138602
6216746054
6217535652
6218336773
6220105144
6220586833
6224852672
6228291125
6228587526
6228840177
6229499681
6239408878
6239803184
6240292516
6241532886
6242026111
6242104980
6243095053
6243981665
6244026017
6245726294
6246562780
6247167822
6247976845
6249151301
6250572223
6251270106
6252684632
6257418618
6259601650
6263773056
6263794590
6266631146
6266803072
6267535972
6272490810
6273873774
6274763415
6275053436
6275821098
6276531470
6276540651
6281332031
6282218335
6283478611
6284117051
6286104011
6286222017
6287757311
6287848179
6289152822
6289357818
6289668495
6290280932
6293651619
6293750353
6296606789
6299986364
6305209288
6306664012
6307720093
6308150536
6308787565
6308811026
6309138654
6309269628
6310406329
6313577445
6313962707
6315449682
6315749212
6316134870
6316643472
6316937419
6317915612
6319364492
6321126183
6322003075
6322288363
6323066424
6323274495
6323833945
6326588115
6328734477
6329669844
6329953451
6332171284
6332361128
6332439207
6334994460
6335203483
6335742074
6336110564
6336819166
6338012802
6339988074
6342422120
6342550755
6343226152
6345227926
6345285130
6345429175
6345953455
6347127264
6348702673
6350649790
6350725867
6352948980
6354773420
6354963373
6356056931
6356447996
6358530322
6358627341
6360519461
6363798754
6364325439
6364730772
6365956036
6371003086
6371064714
6371280064
6371432446
6371673223
6374225427
6374558841
6378183477
6379394398
6380889741
6381383217
6384130573
6384204344
6385831786
6386939098
6388376638
6389164633
6389256310
6391171426
6392608007
6394399914
6395158243
6401420035
6405183146
6405892309
6406149957
6408627427
6410530553
6411564152
6412320482
6413961611
6415852155
6416057491
6416112572
6416205480
6416906952
6417120969
6417362824
6417587128
6419351684
6420574479
6422591300
6424113954
6424962650
6428161294
6429911520
6430251076
6431752547
6432337338
6434397381
6434641369
6434814931
6439364876
6444683608
6444899397
6446072061
6446590355
6447026280
6447414243
6449034348
6450773604
6451770145
6452133759
6452338792
6452789472
6457362708
6457653224
6457657824
6458586799
6458964118
6459486599
6461189216
6462839052
6464976343
6469546242
6470646443
6471912963
6471940552
6473688187
6474987660
6476033392
6476417879
6478332609
6480223810
6480954229
6482991606
6483808228
6484544216
6485124150
6485763270
6486267948
6487387061
6487536560
6488635706
6493165912
6493597392
6494429532
6495983056
6498920886
6500995805
6501132736
6501442839
6501900565
6503258990
6503683575
6504890193
6507158288
6508038956
6508274379
6510911445
6512060232
6512584528
6513626892
6514060099
6514464423
6514677521
6521498388
6522689500
6523147044
6523454082
6524403877
6527550743
6529196652
6530261073
6531642905
6533160934
6533495958
6534497842
6534697295
6535354604
6540099291
6545854404
6546360233
6546573213
6549224549
6550376451
6551273300
6554828818
6556317369
6557594219
6558076725
6558702776
6560572282
6561244266
6561278079
6565819174
6566844796
6568797979
6569332433
6569943267
6570784679
6571083809
6571398075
6571525660
6571673640
6572319090
6575664529
6576123520
6576794588
6577169140
6579067290
6579252824
6579257199
6581560437
6583033189
6584310141
6585459888
6586553765
6587313984
6588118917
6594468496
6594772787
6598390958
6601140190
6603408510
6604103706
6604115109
6604236130
6604694154
6605850990
6609345157
6609360645
6609579444
6609671604
6610452576
6611172070
6611375384
6611848206
6612290485
6613192945
6613455059
6614023040
6616022038
6618747602
6619803107
6621485708
6622316068
6623834078
6624241760
6625537373
6625984895
6626886943
6627124266
6627355563
6627494393
6630528553
6632214335
6632279551
6632935484
6634184018
6636052935
6636366796
6642497189
6643113458
6644503904
6647734862
6647981919
6650549557
6652534595
6656117342
6657810757
6659069440
6659754583
6660586488
6661577808
6661940771
6662385039
6662538577
6665792897
6666771466
6667117491
6667877380
6667953442
6668180152
6668428298
6670121854
6670667557
6671193163
6671380648
6672160234
6672827407
6673238851
6675113580
6675483584
6676861329
6677078712
6677248174
6678734166
6680706330
6681525083
6683266405
6683654512
6685154029
6686080318
6686436721
6686791786
6686959814
6688447174
6689143270
6689505017
6694034596
6694041322
6694176876
6697474971
6701104567
6703332974
6705163361
6706237813
6708307996
6711989854
6712700029
6716762840
6717024401
6717341752
6718785643
6719724583
6720622937
6721527191
6724021608
6726362370
6727677424
6731336112
6734233215
6734802483
6734803476
6735812930
6741900960
6742150219
6747234221
6748319796
6751002920
6753798353
6754767387
6755966581
6758987097
6759028319
6760419769
6760696942
6762431720
6763560848
6765935631
6771675170
6771961537
6772183926
6773660328
6774885221
6776704501
6780649932
6781333998
6782087942
6783861215
6784989582
6785021640
6787787777
6787939328
6788424949
6789368798
6793956360
6793972848
6794746550
6796104139
6798778437
6798863663
6801750542
6802684190
6805510666
6805539088
6805756919
6807166569
6807472163
6808203018
6808782781
6812480554
6812851399
6813366476
6813678509
6813804160
6814283872
6815575446
6816157590
6817426732
6818362547
6818394826
6818483455
6820526938
6821453501
6822038663
6822963757
6824292722
6824699416
6827375419
6828546355
6829399895
6829417172
6829605868
6830290220
6833114210
6833390812
6833549495
6834114446
6835225093
6836135310
6836167252
6836694964
6837644545
6838492610
6839192804
6840096663
6842256230
6843413442
6844212051
6846156922
6848215816
6850617558
6850619637
6851512892
6852172052
6854167707
6854568734
6854831748
6857553481
6857627966
6858620451
6859759911
6860032805
6861752119
6864326737
6865515038
6865754223
6865852620
6867779969
6867950477
6868718453
6870510340
6870517558
6871746221
6872528371
6874279251
6874888332
6876258562
6877599279
6879155688
6879192632
6879605115
6886870301
6887506100
6887867917
6888093188
6894348003
6895066546
6895510195
6895525738
6896859436
6897329136
6898396197
6898862842
6899748078
6903530279
6906180124
6907675246
6907990468
6909144218
6909881342
6910900680
6911590984
6912766248
6916488695
6918032125
6918908807
6919896948
6921164078
6921590397
6923920363
6925000272
6925444133
6925742245
6927097438
6927612276
6927789161
6928270633
6929211157
6931092987
6931601981
6932812272
6933138263
6934136779
6934637171
6935282108
6936134723
6939106820
6939229180
6939539275
6940470428
6941495934
6942675930
6942713590
6942854478
6946715704
6946738941
6947769560
6949400451
6949870385
6951688846
6953029331
6953834394
6955175208
6956221171
6956523083
6959074463
6960330952
6960881083
6962238319
6963120555
6964349483
6965456748
6968243835
6968315361
6971080816
6972382869
6972759731
6976461916
6977670811
6979521336
6980771772
6980896401
6982591297
6983724035
6983859217
6984004072
6986143986
6987449538
6987886905
6989140558
6990604466
6991065779
6991923118
6994198837
6994274316
6995458686
6996961681
6997693631
6998365124
6999573575
7003952900
7004338869
7004598069
7005225785
7015023146
7016406264
7017705309
7017831130
7019503024
7020340007
7020397140
7021286626
7022955238
7024966933
7028775816
7029427777
7029865865
7032038715
7033798532
7034490364
7035278806
7035586731
7035701344
7036179798
7037377420
7037550221
7038034149
7045382833
7045454688
7048884106
7049202569
7049887094
7051381843
7052246170
7053079802
7053851391
7054685502
7054716407
7055683633
7056028413
7056616841
7057225329
7058019981
7061308926
7061659447
7064217714
7067932216
7067949582
7069065518
7069744319
7070470982
7072415401
7072990379
7075314577
7076831246
7078420360
7079598367
7080241629
7080674212
7081889517
7085167220
7086150808
7092582289
7092659224
7095473326
7097100058
7098698195
7098808212
7098941516
7100144038
7101764714
7103718546
7103955878
7104922570
7105515952
7105750920
7106710944
7107879429
7108502935
7110452050
7110777101
7111648006
7112001550
7115348449
7118742575
7119749696
7120778311
7122606420
7123355497
7124621004
7126357058
7127760114
7128279867
7128560540
7129175947
7131460655
7132627535
7132877224
7134170347
7135852306
7136627101
7137193519
7137679160
7138291953
7139368567
7140013496
7141609629
7142158460
7142423005
7144867990
7146230387
7149024841
7150850401
7151447863
7151979692
7152161538
7153824554
7154493831
7155478162
7162276263
7162784800
7163305427
7165558834
7165875412
7167678714
7170291598
7171534419
7172289051
7174459366
7175550700
7178128339
7178160599
7180185080
7183250393
7183631993
7184130270
7185659546
7186163997
7188477444
7192781378
7198171108
7199046327
7199748803
7199756704
7200649962
7200789515
7200953348
7201815981
7201978079
7204302361
7206833613
7206946455
7207968108
7210001962
7214160903
7214306487
7216434123
7217386090
7217440193
7218959151
7222705503
7223968438
7223986342
7225508839
7226040690
7230520753
7231254748
7231314526
7232253166
7233825930
7234092887
7234352483
7234354221
7236318786
7237572735
7240089756
7240856703
7243370298
7245616237
7245805502
7247482379
7248196878
7250113184
7250539174
7251130429
7251219558
7251611382
7252107598
7253705236
7254149239
7255259801
7260971710
7261771279
7263484235
7263728672
7263893383
7264531317
7265421695
7266687762
7269486573
7270740273
7273587014
7274018510
7274457509
7274594919
7276808309
7277985169
7278473993
7280903900
7281275383
7283581735
7283600243
7288205078
7289949301
7290155789
7290608155
7291123439
7297987796
7298378889
7298813248
7298997038
7302236670
7303552921
7305931293
7306907915
7307758633
7310152737
7311049176
7311287804
7314831445
7315956685
7316192516
7316193359
7316663024
7319108588
7319410986
7321215154
7321855638
7323859147
7324277126
7326779622
7328984275
7331387392
7332392496
7333742153
7335353800
7335581746
7336527690
7337416930
7338006221
7338239489
7338679935
7340100464
7340109554
7340815533
7343744189
7343758024
7343914314
7344454513
7345604094
7346894275
7348919462
7349881147
7350294048
7351045558
7352553607
7352652659
7352762667
7353550046
7357934744
7357953022
7360748720
7364076219
7366095722
7366690739
7367266688
7367818144
7368447739
7370161780
7370227012
7375270007
7376426603
7379745280
7381093433
7381535931
7381894772
7382154921
7383729633
7384267117
7384782216
7385319698
7385672496
7386076609
7387922385
7388928723
7389086723
7389407171
7390728937
7391358243
7393866777
7394602240
7395000061
7395024517
7396838973
7397911079
7399603778
7400334698
7401911650
7403954883
7405098109
7408654875
7410179612
7411997553
7412189567
7413164522
7417459560
7417758099
7422355259
7422594166
7423378541
7426539071
7427245388
7437622706
7437983151
7441855173
7443410414
7443747660
7444006382
7444073697
7444866095
7444954913
7445938029
7445941623
7449310367
7450776275
7452219863
7453464758
7453759735
7458928181
7459146049
7459271109
7460286425
7462571791
7464826850
7464866700
7467539420
7468898523
7469426190
7470037944
7470096762
7470218313
7470903146
7471063973
7472068865
7472316736
7473642993
7475126855
7481363060
7481598262
7482266219
7486047708
7487015451
7487393803
7487418535
7487951876
7490189106
7490605504
7493760063
7494024826
7499293157
7499425097
7500459128
7502798173
7504388835
7505502853
7507569963
7511616132
7511772516
7514422400
7515217127
7515333912
7515443760
7516322193
7517354143
7517795263
7520988850
7525489295
7530961714
7530996974
7531887886
7533537075
7533990244
7534341703
7534565878
7536100345
7539310871
7539841310
7540872442
7541975049
7543778422
7544558538
7544955593
7545447610
7545780005
7546841990
7546867410
7548030710
7548168090
7550123653
7550652983
7552848142
7554691486
7556042685
7556765927
7558482599
7558893396
7559504442
7559721226
7559832717
7562425463
7562932303
7568225010
7570648838
7571176967
7571807133
7574066953
7574076194
7575569390
7576411197
7579283702
7579546814
7582537155
7582651705
7585463273
7586560151
7586719218
7589604171
7591571111
7592205816
7595053494
7598569904
7598923388
7601247786
7601796290
7606135951
7606341325
7606718915
7606757887
7608911220
7609147981
7609865874
7610056834
7611074779
7611501112
7613991202
7614994838
7621947481
7623403585
7623761015
7628087393
7628281277
7628453660
7629684398
7631771871
7641908676
7642787750
7643328395
7643866086
7646185519
7646280528
7648638040
7649973290
7650266461
7651336316
7654476439
7654730922
7655138122
7656166939
7657045779
7657347740
7658254619
7658928969
7659316413
7661953808
7663218979
7665667453
7665690914
7667774413
7667966425
7668989268
7669103705
7674507099
7677850747
7679088455
7679413919
7680843212
7682938552
7684039469
7685787255
7686897787
7688192504
7691051081
7692167065
7693008297
7693378183
7695245786
7696438993
7696711168
7698932587
7702017138
7702245465
7702282264
7703653994
7704996809
7705468179
7706718707
7707835484
7709870281
7710286777
7710565409
7711103986
7711168550
7712043957
7712789102
7713398488
7714171971
7714699512
7715231298
7715517988
7718541630
7718975188
7719604387
7719714132
7721083015
7721917253
7722616049
7722802276
7725653963
7726222903
7728465305
7728856781
7729606517
7731823724
7732913683
7733874748
7738040288
7741361853
7742822930
7743545364
7746360396
7750044711
7751440987
7752000507
7753995393
7755170340
7758523981
7760259681
7764556606
7769632958
7769798699
7771375778
7775969610
7776258530
7776976606
7779536654
7780729264
7786619625
7788011464
7788437968
7788564916
7789060802
7790743847
7791359269
7792592584
7795635955
7796939556
7798259246
7799369566
7800049133
7800844909
7801385196
7802040884
7802889650
7804223662
7804766780
7809923753
7811260167
7811852517
7813081032
7813637210
7813642970
7814573713
7815589928
7815702735
7815962735
7818282418
7818294773
7818859578
7819594715
7820497782
7820941927
7822066630
7822783179
7823626257
7827300201
7827573559
7829103408
7829337985
7829675175
7830437868
7830581915
7831303243
7833458554
7837038446
7837888872
7842731825
7843624767
7844611406
7845572971
7846548053
7847935089
7848712667
7851077478
7852391707
7852781166
7855110085
7856067598
7857340889
7858268888
7860702523
7861915704
7862304027
7863994704
7864615263
7866161634
7866199835
7867101073
7867248849
7867396416
7868793107
7869462148
7870647883
7872213687
7875305426
7875795288
7877733416
7878036760
7879910080
7879994859
7880370923
7881030353
7881079625
7882825186
7885892792
7889257545
7893840972
7893909521
7894439395
7895386818
7897127070
7897184984
7898455705
7899107480
7899793279
7900635083
7904278164
7905293311
7906980281
7911241751
7912169342
7914256854
7915534351
7915694627
7916612844
7917718720
7917869952
7918945443
7928542020
7929081710
7931084954
7932707694
7933537783
7935937464
7939332690
7940160553
7940881582
7941811757
7941890782
7942066000
7942411248
7942742452
7944044100
7944057062
7944171975
7946433018
7946801685
7948552963
7949238200
7950088033
7951576815
7952592963
7953764399
7955734089
7955868268
7956588900
7957092793
7957305633
7957334341
7958222545
7958393920
7958981309
7960350171
7965295688
7966794475
7967989617
7970286682
7971819733
7973372686
7973670820
7976341101
7977088398
7978032537
7981950793
7983735770
7984381736
7984778725
7984869001
7984955924
7986720900
7987091565
7987428850
7988416437
7989499139
7991797351
7992946926
7993668197
7993830324
7994225655
7995303910
7998657593
7998677557
7998810674
8001390995
8005626747
8006784653
8007558287
8008166437
8008317415
8008784797
8010013065
8011500316
8013030463
8018156733
8021829179
8024420744
8024514208
8024806144
8026769595
8028923432
8029047069
8029246346
8029379640
8029724261
8030770879
8031073999
8031538663
8032275527
8033767364
8033868580
8033975684
8034027737
8038154431
8039502792
8040479974
8040979093
8041460523
8041827712
8042253365
8044841184
8045434535
8049844162
8051042404
8051152789
8057711030
8057837740
8059472102
8061815190
8061962929
8065489042
8067217724
8067325068
8070954944
8072186243
8072575328
8072962304
8073062200
8073078734
8073532511
8078018170
8078171061
8079685056
8081614554
8083035326
8083833891
8083916199
8085289671
8090391965
8092980922
8095730111
8098519215
8098619850
8099703856
8100134820
8102842079
8104302818
8104372506
8105727146
8106810028
8107409762
8107701995
8108141848
8108217940
8109747541
8110388586
8110621256
8110734436
8111373246
8115879885
8116771744
8118422291
8119015417
8122871912
8124090401
8125161020
8125749049
8126296879
8126861740
8128403286
8129087533
8129124097
8131907718
8132275135
8133154216
8133580137
8133884446
8134055889
8138177639
8142465905
8143363485
8144500735
8147953607
8148355400
8149164950
8149596287
8150024111
8152508014
8155178023
8155482298
8156768228
8157096000
8158147953
8158692455
8159440499
8164819631
8166183421
8167400303
8167632631
8167843233
8169267841
8169272098
8173001017
8173518298
8174208542
8174628008
8175728403
8175989677
8181058548
8182212104
8183011408
8183582838
8185246351
8186729387
8186886532
8188351043
8189088978
8190427454
8190940087
8191497070
8193708117
8195020067
8197332619
8197350037
8198350971
8200938748
8201629404
8202462157
8203786800
8204048987
8205579934
8206085587
8206958387
8208655757
8209415050
8209815467
8210124648
8210827343
8212282448
8214477921
8217882367
8218658979
8219801886
8220362211
8220414385
8220502228
8221433374
8221499936
8222136131
8222494193
8227914746
8228917530
8229575836
8231104655
8231543400
8232078935
8232252565
8233092700
8234659828
8235254553
8240073174
8242036439
8242666863
8244906809
8246390276
8246772998
8247389232
8248840642
8249670999
8251121477
8253694908
8254604141
8255566589
8257205492
8259681374
8260133717
8260390042
8261507533
8264565097
8266631604
8268263494
8269001938
8269081502
8269543439
8271622439
8271888142
8274126455
8274850441
8275015633
8275037427
8276838682
8278083906
8278823739
8280777354
8281009329
8282340893
8282517683
8284663907
8288571732
8288900921
8289958047
8289988873
8290137527
8290425830
8290840951
8291996318
8295982574
8296023667
8296416057
8296495967
8300224582
8300570847
8302047488
8302060329
8302763128
8305705759
8305777952
8305815971
8306204893
8306800793
8308075797
8308226403
8308734123
8310834341
8311199575
8312076939
8313303856
8313842067
8317038325
8317307862
8317615437
8319854584
8320486831
8320739961
8320861313
8321153467
8322172001
8322479456
8322662807
8326534250
8327284286
8327445213
8330980870
8331811527
8332405060
8333074467
8333701654
8334135952
8334619069
8341171724
8342142779
8345523659
8347071888
8348107707
8348285844
8348300389
8349625779
8351980744
8352003934
8356406873
8357664381
8359085847
8359090262
8359793139
8369139759
8369148171
8369189298
8370622967
8373048431
8373735459
8374997909
8376115740
8377211830
8377273136
8378519847
8379119731
8380554042
8382267943
8384350334
8388994353
8389604013
8390885168
8393429999
8394432484
8394653320
8397390798
8398179514
8399165654
8400493969
8401948338
8402688580
8404867940
8404959360
8404988698
8405858069
8406362633
8406976103
8408847665
8410589762
8411364082
8411675201
8414440379
8414534210
8415193960
8415348559
8419830565
8420334525
8421219934
8422258333
8422338234
8422410665
8422647707
8423751899
8425184302
8425258995
8425618397
8427026350
8428173079
8428404856
8429428399
8430749791
8433162901
8433783823
8435091309
8435279389
8435405460
8436161439
8436700272
8439331291
8440001758
8440740710
8442150453
8442889737
8443351346
8445788658
8446877476
8447866751
8447979572
8448299041
8449643645
8450607363
8450611067
8451555717
8453679183
8454811061
8457121767
8458084813
8461461039
8463589626
8464032294
8464985854
8467864821
8468129634
8468375548
8469679819
8471755997
8476248598
8477342149
8479349218
8480772430
8481237051
8484173943
8484516765
8485501309
8488064671
8488153033
8489813841
8490890318
8491689683
8493206014
8494940962
8495523137
8497950770
8500034486
8500057643
8502125364
8504307920
8504319015
8507335247
8507405548
8508291958
8509914983
8511263118
8513817111
8517569916
8517930924
8518363064
8518399651
8519716622
8520629597
8521030267
8522065875
8522502194
8524370124
8524490977
8524927753
8525014714
8526501601
8526673501
8526810275
8529144458
8529193242
8529208961
8529439152
8530839945
8531177980
8533677272
8534845065
8535634398
8535916488
8536761525
8541824542
8541996289
8545215835
8546673458
8549646283
8552130761
8553419551
8553758401
8558980103
8559152295
8559365398
8560357283
8560976954
8562273250
8562587464
8563285222
8565344109
8567259307
8568579802
8568880979
8568881127
8569056156
8574671039
8575437462
8575619001
8576841717
8579670006
8580863348
8583142205
8583240754
8587106015
8587402020
8588723626
8590230820
8591890141
8593062715
8593344352
8593836768
8593856822
8594152554
8594687584
8594997539
8597456911
8597822802
8597929674
8598329886
8599731652
8599833388
8604391004
8604422429
8604958966
8606623164
8606768832
8608340714
8608446105
8608598979
8609505545
8611167706
8611489970
8611718504
8612583208
8615103045
8615998711
8616617912
8616737786
8619847923
8621094389
8621201487
8621547540
8622139886
8622409079
8622667302
8622686528
8623501315
8626001391
8626185085
8626360918
8627846718
8628062921
8629478872
8629966342
8630857289
8636436053
8637564628
8640838001
8640930439
8641395290
8642872136
8644402997
8644525845
8646300294
8646376071
8646387687
8650082331
8650205335
8651300198
8652068415
8654547714
8655476257
8656171802
8656289767
8657512229
8658931178
8663145120
8663168894
8664196649
8664395418
8665427848
8668043240
8668830150
8672051651
8674469082
8674824109
8675839081
8676057991
8679085977
8679256238
8680162596
8682288002
8682648555
8684529816
8685316771
8687370211
8687547349
8689153937
8690483606
8690490427
8690821292
8691761882
8693033964
8694593175
8695480344
8696168293
8700532994
8701097489
8703327103
8704247142
8707551292
8710308181
8710439338
8711571183
8712020261
8712415765
8717473025
8718663073
8720114811
8720906349
8722595704
8724683426
8730145725
8730702396
8731050813
8732592775
8733991688
8734270751
8734760243
8735249251
8736843431
8737140301
8737300420
8739781749
8740232267
8742597126
8744371609
8744961589
8745593668
8746033358
8746496536
8746769515
8751413720
8751891189
8752587552
8753991387
8754010842
8754301066
8755070942
8756682134
8757496041
8759854964
8760176996
8760820656
8761566898
8763733547
8763833369
8763917190
8767179706
8770393856
8770528822
8772001319
8772425574
8774314196
8777717686
8778133291
8778793145
8780665255
8781984277
8782288136
8786418362
8786586508
8788245506
8789854980
8790119997
8790196607
8791558771
8791637667
8791861499
8792406875
8795382044
8798324082
8798654194
8800287580
8801556589
8801621483
8802274334
8802703274
8803444641
8803499105
8803918333
8808415023
8809025065
8810344194
8811821878
8811900187
8814013829
8814115247
8814344593
8819113455
8819701168
8821803422
8822079568
8822151673
8823014096
8823241230
8823848933
8827450347
8827549893
8828560028
8829118057
8831893244
8834966340
8837760744
8841920119
8844153937
8844342947
8845500909
8847012011
8851471957
8853117778
8853467574
8853820476
8853845156
8854328629
8854986857
8857725486
8859522263
8860512675
8861528670
8861912702
8862903408
8863063203
8864121768
8864585826
8865111219
8867546938
8867616567
8869047382
8870991539
8871711796
8871832665
8876203388
8877058499
8877714728
8879554698
8881336047
8883883885
8887067193
8888119311
8889516484
8891200280
8893062314
8893876135
8895323430
8896144666
8897871522
8902235108
8902349169
8902397582
8903415605
8904560763
8904944599
8905234586
8907581137
8908202664
8908480923
8915399627
8916734532
8918351566
8920429468
8921799850
8922806242
8923225057
8923749831
8925157660
8926292503
8927817827
8929651937
8930418259
8930726956
8931339229
8932336696
8934998227
8935991750
8936391336
8936608242
8937775620
8938222872
8938922069
8939208580
8939848604
8940722406
8941449618
8942258407
8942804208
8945056608
8945425172
8947232455
8947587191
8949402174
8949490693
8954155586
8956199345
8956900814
8956986412
8958783337
8960217373
8960702942
8962877227
8964716869
8964917744
8965384511
8965895548
8966005214
8966746115
8967928722
8968073631
8968633211
8969580963
8970654135
8971118916
8971312232
8972033136
8973669340
8977068609
8979066515
8979118563
8979141130
8981371315
8982266256
8982344369
8983533794
8989508140
8990059707
8990694102
8992122158
8992663951
8992985713
8993282167
8995277408
8996292928
8997096714
8997553703
8998137681
8998345264
8999940363
9001583936
9002782809
9003273482
9003835916
9006276151
9006385234
9007182753
9007666290
9007824768
9012622429
9014046854
9016822368
9017663870
9018598958
9019705141
9023752746
9023780017
9024167974
9026981441
9029879979
9030186308
9030288306
9030438159
9030710611
9031106198
9032901350
9034306373
9034935674
9034941269
9035019770
9035679850
9036131607
9037839508
9038371222
9038757800
9038766606
9041610585
9041940796
9042489005
9043026901
9045577317
9046895306
9048785871
9049811342
9052477967
9052706086
9053724313
9053948603
9054222667
9054781829
9055236385
9056640387
9059688443
9060186328
9060542991
9063189915
9063603938
9066824028
9067283226
9067318466
9067475721
9068566979
9068733223
9069811667
9071708699
9073081059
9074329337
9075989978
9081113058
9083535784
9084749904
9084965728
9086254491
9088631441
9090580979
9091909860
9093643967
9095385110
9097545801
9097802343
9098732544
9098900942
9100823626
9101860868
9103151320
9103700234
9104903529
9106347983
9109744819
9110550508
9111377415
9112001121
9113336550
9114601729
9115003398
9116650813
9119569253
9120075026
9122871304
9124373208
9124945699
9125889903
9128495706
9130437535
9130468481
9131490023
9133028588
9133130294
9134149397
9135774293
9137170265
9137593933
9137918090
9139145765
9139544084
9140743747
9141647073
9144365040
9144838640
9145627686
9146706847
9149507198
9149735434
9151179587
9152196669
9156398381
9158595640
9160445281
9161587295
9162133746
9165210316
9165301233
9171230115
9172182590
9177247143
9178889034
9179456855
9181186487
9183534654
9184782321
9184893182
9184997650
9185919366
9187121006
9188424601
9192305606
9193304741
9193345477
9193939000
9194281016
9195101445
9195424578
9196720969
9196921628
9197185914
9198230493
9198497032
9203540457
9204232167
9205421439
9205887890
9206617350
9208343449
9209609319
9211403094
9211967037
9214349790
9217870471
9218107715
9223162565
9226208447
9230984863
9232247272
9234194891
9235738221
9235796193
9236423824
9236748006
9239728793
9239805790
9239900710
9240042039
9242455399
9242622865
9244446851
9245104423
9246125894
9246535521
9247560522
9247894536
9250903838
9251750153
9252137307
9253457303
9253756372
9254440783
9254621722
9256282712
9256637703
9256778651
9260054404
9260327745
9261842743
9262305593
9263255100
9263403332
9263836001
9264197331
9264415291
9264668926
9266785307
9268577412
9269260702
9269314754
9270342155
9270351733
9271011460
9271024685
9272689194
9276733309
9278251334
9279304605
9281312312
9282992681
9283069932
9283932908
9284872111
9285188616
9286036166
9286853251
9286909192
9287101981
9287867037
9290394365
9290455626
9290918863
9291007808
9291216726
9291511933
9292837030
9293354517
9295216509
9298297144
9298517968
9300576629
9300788743
9301150380
9305458671
9306629208
9306664409
9315128348
9315556320
9315828716
9319794228
9322379524
9322833803
9323188573
9323525774
9325374908
9326869866
9328319092
9328552747
9331282754
9331691239
9333323629
9333443018
9335264257
9336134993
9336892588
9337242634
9337784612
9338103745
9339393395
9340391389
9340401002
9342751935
9343431962
9346335233
9347588202
9348301261
9348725760
9349070252
9349425900
9349538762
9349774391
9350695765
9351303913
9351840714
9352679932
9352720416
9357498894
9358712312
9360828146
9361023103
9361153414
9362780666
9365387681
9366406359
9368718022
9372123625
9372929433
9373814275
9374957140
9375126059
9375132981
9375260585
9376524818
9376624003
9376802989
9377072780
9377139213
9378605332
9381036836
9381753569
9382133725
9384104240
9384322652
9384936412
9386478411
9387016857
9387601089
9387800879
9391857956
9393214740
9398005639
9398605087
9401353080
9401593468
9402612205
9403817472
9405067501
9405349523
9405442806
9405651859
9406619537
9408053953
9409313154
9410356378
9410680275
9411510417
9414166432
9414353363
9417315752
9417375932
9419227486
9420239811
9420701456
9423683875
9425467041
9425978699
9427035024
9428424017
9428481265
9428996518
9429392625
9432536360
9433006694
9433485465
9434699770
9435773119
9436947562
9438177059
9438648150
9440325288
9440710354
9440938312
9441659917
9441911126
9442874743
9447735363
9447761458
9448959856
9449099817
9451724227
9451804665
9451878192
9453659245
9454281095
9455539321
9455851728
9457313065
9463901191
9464579242
9465550494
9465992730
9470595490
9474797672
9475153055
9475161747
9476951853
9478342475
9481713324
9482965333
9482992324
9483417463
9483681125
9485845071
9487203880
9487367180
9490040929
9490447952
9490867593
9491076866
9494527226
9495608662
9498048651
9498121408
9498865874
9499008151
9500086524
9500245914
9500883927
9501075183
9505059009
9505759321
9507012138
9507474566
9509573932
9510239513
9510425902
9511846398
9513516972
9514170224
9514569702
9516771502
9517179252
9517521074
9520100615
9520397835
9529009774
9530142165
9531614701
9533344665
9536181786
9537123780
9537267165
9538346067
9541091645
9542141104
9542170578
9542842660
9543069756
9543157944
9544437717
9545151257
9547510825
9547735811
9549199341
9551182039
9553024346
9554998746
9555580405
9558292534
9558442649
9561776869
9562552406
9562989182
9563634550
9564999729
9565614167
9567166227
9569585901
9569941835
9572048875
9572205195
9572512251
9574714768
9576714066
9576762876
9579135370
9579170910
9579714016
9580393127
9581378576
9582995484
9583812063
9584634032
9584928334
9588312650
9591432301
9592154298
9592377977
9597967272
9598819849
9600207104
9600253428
9602020643
9606103110
9607149833
9609510973
9611290214
9613021913
9614920552
9624006516
9624933285
9625633806
9626403625
9626633263
9627513334
9628076733
9628774867
9634538433
9635313204
9636450121
9636480707
9636571339
9638527382
9640274704
9641048728
9641072507
9642503642
9643518787
9645572051
9645719092
9646376641
9646781750
9646808723
9650579863
9652336268
9652483527
9654870106
9655504323
9656579118
9657052377
9658652500
9663346995
9664904822
9667308128
9670316789
9671262344
9671605626
9676148143
9679638353
9681061615
9683616554
9687224606
9688904696
9689426769
9691473150
9693480938
9693963231
9695551833
9697140056
9700842563
9702229159
9707531057
9707796876
9708839029
9709425019
9710694987
9712080261
9716955439
9720511708
9722782518
9724264080
9724787337
9725538233
9725750031
9726777650
9728057002
9728535539
9730451194
9732510695
9734597577
9735044755
9737834825
9737936416
9739246378
9739537403
9741641559
9742077834
9745533078
9745584645
9745668061
9753428486
9755002989
9755182174
9757218159
9757516638
9758576244
9760752010
9761295989
9763043205
9763279132
9763662927
9764538159
9764620025
9765987523
9766576358
9766709064
9768221198
9769232955
9769828221
9771177199
9772182466
9772444436
9772463586
9773300324
9775546119
9777944835
9777959261
9778575956
9779486235
9780307023
9783594589
9786413419
9787174605
9787341079
9788129320
9788457968
9790861783
9791890331
9793135658
9793628726
9793856388
9794493932
9795931956
9796338524
9797748825
9797837040
9798328881
9800314143
9801160393
9801510352
9802068570
9803175355
9803830929
9805853572
9807108686
9808586188
9809462485
9810091696
9813360521
9813531265
9813871995
9814864649
9818834899
9818980023
9819734411
9822568143
9823365749
9824630706
9830701091
9833724846
9833847291
9834082822
9834966499
9836160549
9837829908
9838804808
9839057278
9840145303
9841174793
9843390175
9845233525
9845827749
9849405387
9849980704
9852370768
9855079630
9858278778
9858426933
9858996690
9859362714
9862810261
9863413208
9864654682
9866872499
9867804779
9867956316
9870594633
9873685252
9874725058
9874819318
9876151463
9877590388
9877683269
9878632479
9878662945
9880554490
9881122132
9884016174
9885457863
9887028581
9888106281
9888583394
9889642095
9889934641
9892156017
9893865318
9893912768
9896782538
9898074653
9898733762
9900859510
9900920501
9901176762
9905148324
9905590464
9905856583
9906070199
9906654252
9907024236
9910096940
9910753236
9911064331
9912924848
9912983668
9913426451
9913864528
9914591496
9915575083
9918667701
9920562847
9923408321
9925418805
9927906332
9928044394
9932045423
9933987495
9933996742
9937128411
9937410189
9937487028
9939454684
9941330184
9943231518
9944430983
9944985637
9945342207
9945845421
9950497346
9951686070
9951961605
9956342826
9956585573
9957597983
9958213238
9959230375
9959411677
9960172875
9960260924
9960611968
9961101394
9963998463
9964466780
9964870767
9965095975
9966385337
9967142871
9967488132
9967860446
9969129151
9970256418
9970568337
9970640876
9971379748
9972864176
9973157775
9974562556
9976709020
9977262736
9979281428
9979961667
9981248325
9983216696
9983235065
9984676746
9986840437
9987237970
9987310017
9987745743
9990582899
9991056888
9991507736
9994030346
9998481976
9998789818
9998831103
9999463165
9999645287
